White
10000,0.017472672271961028,0.02402688836159075
20000,0.03247562570637379,0.03568575349486409
30000,0.032158845022545735,0.032256036017062235
40000,0.048393469565915205,0.04525685615326829
50000,0.04090426372040159,0.03186425748964754
60000,0.050797756038594724,0.03827588679841553
70000,0.061367584476694576,0.041880406394122105
80000,0.054388067229886275,0.03554622130534882
90000,0.06940097443387351,0.04521753333165686
100000,0.07348175152308822,0.04095941961804879
110000,0.06502795098322955,0.03777411778572549
120000,0.06944307893983917,0.03547250630738234
130000,0.0750448592564199,0.029445449878035986
140000,0.0786974411189607,0.05356990474272398
150000,0.07677855745016006,0.03548236470002275
160000,0.08179541002124484,0.038922032146797
170000,0.07567463194650133,0.030222326269982985
180000,0.07752528037431362,0.028947456005107744
190000,0.08068006747357835,0.030850946598964497
200000,0.08171832167806949,0.028144007223506025
210000,0.08334210494711064,0.038564324603069154
220000,0.08674872964357293,0.02832124784928166
230000,0.0894303739273159,0.038690469558164645
240000,0.08984525844735716,0.030118255398566857
250000,0.08622835288532965,0.023805332197059596
260000,0.09237878787878788,0.015395410916579082
270000,0.09491166956864636,0.04832797339903364
280000,0.09195922036619714,0.024704485970016853
290000,0.0943897065466833,0.02659207570154576
300000,0.09061114630626826,0.02543132307499265
310000,0.08804924730062752,0.022915735343020216
320000,0.09418470418470419,0.030103430714695335
330000,0.09590598552502055,0.04447841947847615
340000,0.09459459501850807,0.02097629165749001
350000,0.09285755915477983,0.022281442927864544
360000,0.10137376331888526,0.03633698629501758
370000,0.09448447289144964,0.018648733538158012
380000,0.0989761211011211,0.03251432537599709
390000,0.1005743145743146,0.02767612990491302
400000,0.10360557401255079,0.03938930991456948
Black
10000,0.006407309916867807,0.0069401125397681096
20000,0.008989683339014098,0.006074525808957359
30000,0.01112830483406059,0.011182275807592906
40000,0.011250580590855666,0.008342641455008995
50000,0.01489002837864578,0.014044617773302093
60000,0.014037801006050583,0.009268162524457094
70000,0.017451996720602235,0.01708792470320907
80000,0.016399845089730816,0.010908631585475774
90000,0.016039236722800648,0.015225943723240163
100000,0.016339437544299368,0.007829917496297746
110000,0.017160811083944277,0.012118586471181329
120000,0.018937671731105114,0.020861889811143005
130000,0.017185797746442574,0.00860412495660394
140000,0.019764988875822766,0.018131089757464556
150000,0.02020691154421526,0.015168022960703477
160000,0.018781840251901275,0.012608411176259377
170000,0.019166002228827552,0.013828264066726747
180000,0.02349117161221522,0.025725466204772486
190000,0.02164660913720666,0.018320064067930797
200000,0.023326056643036785,0.01917342201162237
210000,0.023400795113130063,0.02255428825116423
220000,0.023037475270404645,0.020586120202660332
230000,0.02254524280129612,0.023317577829058418
240000,0.018860569241641388,0.010971697646405366
250000,0.02214816139796345,0.01776065538854164
260000,0.02145120274179745,0.013396096421683788
270000,0.024605127791397563,0.02348039303031873
280000,0.021225304476862755,0.016180688084121188
290000,0.02086185790253376,0.01303931733689947
300000,0.021928631834165317,0.01812279409652261
310000,0.029769124731815845,0.03633257627479227
320000,0.025873166193131302,0.02537581471036629
330000,0.02532405190733172,0.018287562122648923
340000,0.025514963213902786,0.019194728282320526
350000,0.025987242242396062,0.02248424353583802
360000,0.024467275143442734,0.01825469922665538
370000,0.025851772747103503,0.022963144817506557
380000,0.02643452085848391,0.021254358705556944
390000,0.030524533604297494,0.026181392177356835
400000,0.02786139971970087,0.02134286427444246
American Indian and Alaska Native
10000,0.12953091324819863,0.23979213141702097
20000,0.1323299829489638,0.15162336778416244
30000,0.21780359325951962,0.25289833443752757
40000,0.20968694148082057,0.23494924176512794
50000,0.2861126647450738,0.27754075756154456
60000,0.30473413514589986,0.28503331123935194
70000,0.320864768227204,0.27929777285211
80000,0.3790757575757576,0.31403447567147635
90000,0.4215089216339216,0.3476615990285665
100000,0.42205299275887515,0.3203624492926125
110000,0.3894458874458875,0.2946317346832754
120000,0.39502428127428124,0.2985466956370337
130000,0.49480230880230885,0.3280002772791895
140000,0.518754329004329,0.33418346617791744
150000,0.520468253968254,0.33374553679912083
160000,0.4971230158730158,0.32885490883921636
170000,0.5741858974358975,0.33095968050005664
180000,0.5619209956709956,0.345161385435828
190000,0.5275470085470085,0.33350471251838437
200000,0.5988803418803418,0.33608442730186
210000,0.57925,0.33719120647226586
220000,0.600797619047619,0.32987715258762573
230000,0.5709166666666667,0.32609536565244224
240000,0.5935,0.3281991688661695
250000,0.6365833333333333,0.3368747191299592
260000,0.6823333333333333,0.3216694300399437
270000,0.6648333333333332,0.32829225631372355
280000,0.638,0.326429165363636
290000,0.6794090909090909,0.326521802294636
300000,0.6225,0.29600464523382064
310000,0.6880833333333334,0.33709596185656093
320000,0.7179999999999999,0.30928843064901945
330000,0.7361666666666667,0.2980031226532888
340000,0.7071666666666667,0.3276198254074378
350000,0.727,0.29755279643563537
360000,0.6635,0.2963827761527313
370000,0.7574166666666667,0.2988424310754935
380000,0.7765,0.28674509586041746
390000,0.7639999999999999,0.2908676675053451
400000,0.7443333333333334,0.2973514568467571
Asian
10000,0.006595282481538786,0.003401299518455452
20000,0.018151818172411356,0.0987886624805117
30000,0.01869350463121392,0.09868684186164955
40000,0.029391772243698842,0.1387350799411563
50000,0.020790194677352446,0.06873939545900154
60000,0.019818670758188717,0.09861450203379812
70000,0.01594922518156375,0.04908079428459586
80000,0.021836271058014233,0.09850184366338406
90000,0.03274878304176753,0.13840080340495078
100000,0.048765568908442435,0.17439993633162895
110000,0.03788434176685434,0.14594860869758872
120000,0.0771209440493025,0.2382752125839336
130000,0.03831959020058312,0.145875081725419
140000,0.054022580772645365,0.19336715733322238
150000,0.10884294558484736,0.2844669508955782
160000,0.043847675282332174,0.16829843035995645
170000,0.023853058822333337,0.09830313469707787
180000,0.04002702797999345,0.14556424938162857
190000,0.09569468139675362,0.2668764181273545
200000,0.09482198628663938,0.25752990240163814
210000,0.05562017913562509,0.19298612143931393
220000,0.11186621726799385,0.2835510713330113
230000,0.09950037364919401,0.2606096981030291
240000,0.0512773261775677,0.1738616558917316
250000,0.11596843913830261,0.28629553140616393
260000,0.08613713935840295,0.25089711453143354
270000,0.09144514325226111,0.24406796655475882
280000,0.11131127836636998,0.28369951618253303
290000,0.10132105558167094,0.2600160890316433
300000,0.127119676887536,0.29037986430537227
310000,0.08262391953448897,0.23690179067995826
320000,0.09196024878944103,0.23337634129217502
330000,0.0777825054447066,0.2332240808383439
340000,0.10157780187413971,0.26934626454822097
350000,0.0735856879651907,0.2180946551906053
360000,0.12113778351424492,0.28852966325042656
370000,0.13228939981482882,0.30079929571414965
380000,0.14914602269893434,0.32144363601048215
390000,0.12951607252445985,0.2894701570244677
400000,0.09284653963953396,0.25352712749831613
Native Hawaiian and Other Pacific Islander
10000,0.008080085073941328,0.013915490931298874
20000,0.012973103744289796,0.024073651572093156
30000,0.012801686700983013,0.014631391705571114
40000,0.01671066200647573,0.014941524936413072
50000,0.017711456361921795,0.034114643538439036
60000,0.01866357989567964,0.013501665232759748
70000,0.022208575851190196,0.0213245472261086
80000,0.02399069365780766,0.028550950094619717
90000,0.028553411165131503,0.027297014109621417
100000,0.024061076804377204,0.02037159306938859
110000,0.02877876223368428,0.02963176804926538
120000,0.025550724377670413,0.010161928342315168
130000,0.0279599538913797,0.013411282990352798
140000,0.029707436729443183,0.017619887775059
150000,0.03150200921798285,0.025005892912674854
160000,0.031025655527388597,0.018349847973866205
170000,0.03369550804348511,0.02970218832405893
180000,0.03174149838430565,0.02113820484333491
190000,0.03436325330615034,0.025368805101327135
200000,0.035070620672082914,0.021780535400142634
210000,0.03460568222391091,0.033803634921053934
220000,0.04117088679425073,0.04057200169993625
230000,0.037828181439741176,0.03037485886252811
240000,0.04027433925135461,0.03653184834967795
250000,0.04271591627255078,0.04166487417274015
260000,0.046371819574353296,0.049636705478160736
270000,0.04407935056842541,0.05524679382199708
280000,0.04042875592509643,0.04103432558075007
290000,0.035579668459144564,0.02948039341034096
300000,0.03673428443131053,0.029412363563664126
310000,0.039307736121244406,0.04035524184459417
320000,0.048762235830189266,0.048431310950327544
330000,0.04647972145023618,0.04790732876334195
340000,0.04624556896182838,0.05465754871140685
350000,0.04115488085239192,0.029324849958686977
360000,0.04981526810536119,0.06485929910208106
370000,0.05001555368002581,0.05028290738130759
380000,0.04882653597990433,0.037731145645811856
390000,0.04216538777012117,0.03352612080514395
400000,0.04380883186543029,0.03326023545774543
Others
10000,0.006824942562106187,0.013800094587902219
20000,0.009307845267139882,0.020851860163030905
30000,0.012511155316191099,0.023995877182013455
40000,0.011089355702607788,0.013385039733837771
50000,0.013859141495357385,0.01648231203439326
60000,0.012157576643847845,0.012232100321788947
70000,0.013259281777629927,0.015457676680723927
80000,0.015448616922095775,0.01670993882377175
90000,0.0149673167877176,0.01274813381483928
100000,0.021800008722454266,0.050446250980576514
110000,0.01844521447312438,0.022482399825874466
120000,0.0219486416057698,0.024084963332228523
130000,0.02262175665259234,0.03180015767957085
140000,0.020350057237873267,0.01540000221566941
150000,0.02049378742063182,0.01850636670204854
160000,0.025860344286800035,0.03427705940071715
170000,0.02997064885860859,0.04102957400983818
180000,0.024743092672642283,0.021439444767026767
190000,0.024393643787411018,0.02740203803475222
200000,0.03736178365506897,0.09989843093980179
210000,0.029157694297443557,0.027908288640408434
220000,0.028310602293575817,0.022304997401661267
230000,0.035096438941064685,0.05201211911144822
240000,0.030818737323303078,0.028751627714798198
250000,0.03557003144220858,0.048758608279799505
260000,0.028831097306247284,0.029913803931067694
270000,0.03335623362771095,0.03236754840676244
280000,0.03490272189275279,0.052372262428150816
290000,0.038838244425904514,0.046342017720486794
300000,0.03375801215070285,0.03403037533729418
310000,0.03547430519820309,0.0403119545639155
320000,0.02854764655541954,0.021508631007937342
330000,0.031253660391468076,0.020283506175047344
340000,0.03699151935760391,0.04332556016792818
350000,0.031727711316522765,0.03600351923988712
360000,0.03126751870212821,0.026361811045236997
370000,0.036800709134867035,0.0416407123938743
380000,0.03245668221918833,0.022428590438390423
390000,0.04805515438722141,0.1089058138212461
400000,0.036770386574364364,0.027697520166252303
